2,5,26:fe:86:c5:e5:7c,1a:6a:c1:0c:5a:d8,2001::52c:c0f9,2001::a00:e#####311877756,64032,352354311,53,6,0,20,20,20,20,0,0,0,0,0,0-------->> 1
2,5,26:fe:86:c5:e5:7c,1a:6a:c1:0c:5a:d8,2001::58b:a26e,2001::a00:e#####314986807,64058,352354311,53,6,0,20,20,20,20,0,0,0,0,0,0-------->> 1
2,5,26:fe:86:c5:e5:7c,1a:6a:c1:0c:5a:d8,2001::588:a91e,2001::a00:e#####314889359,57661,352354311,53,6,0,20,20,20,20,0,0,0,0,0,0-------->> 1
2,5,26:fe:86:c5:e5:7c,1a:6a:c1:0c:5a:d8,2001::49e:9d3,2001::a00:e#####307201257,57711,352354311,53,6,0,20,20,20,20,0,0,0,0,0,0-------->> 1
2,5,26:fe:86:c5:e5:7c,1a:6a:c1:0c:5a:d8,2001::57c:270c,2001::a00:e#####314479494,2783,352354311,53,6,0,20,20,20,20,0,0,0,0,0,0-------->> 1
2,5,26:fe:86:c5:e5:7c,1a:6a:c1:0c:5a:d8,2001::5fe:57ed,2001::a00:e#####318745590,25310,352354311,53,6,0,20,20,20,20,0,0,0,0,0,0-------->> 1
2,5,26:fe:86:c5:e5:7c,1a:6a:c1:0c:5a:d8,2001::51a:5fde,2001::a00:e#####311275503,7173,352354311,53,6,0,20,20,20,20,0,0,0,0,0,0-------->> 1
2,5,26:fe:86:c5:e5:7c,1a:6a:c1:0c:5a:d8,2001::5ce:c519,2001::a00:e#####317186700,7206,352354311,53,6,0,20,20,20,20,0,0,0,0,0,0-------->> 1
2,5,26:fe:86:c5:e5:7c,1a:6a:c1:0c:5a:d8,2001::5de:7ad0,2001::a00:e#####317701480,134,352354311,53,6,0,20,20,20,20,0,0,0,0,0,0-------->> 1
2,5,26:fe:86:c5:e5:7c,1a:6a:c1:0c:5a:d8,2001::568:f0ce,2001::a00:e#####313849959,184,352354311,53,6,0,20,20,20,20,0,0,0,0,0,0-------->> 1
2,5,26:fe:86:c5:e5:7c,1a:6a:c1:0c:5a:d8,2001::571:d43a,2001::a00:e#####314141213,14750,352354311,53,6,0,20,20,20,20,0,0,0,0,0,0-------->> 1
2,5,26:fe:86:c5:e5:7c,1a:6a:c1:0c:5a:d8,2001::589:1b76,2001::a00:e#####314903995,14796,352354311,53,6,0,20,20,20,20,0,0,0,0,0,0-------->> 1
2,5,26:fe:86:c5:e5:7c,1a:6a:c1:0c:5a:d8,2001::4ec:4f2c,2001::a00:e#####309766038,14669,352354311,53,6,0,20,20,20,20,0,0,0,0,0,0-------->> 1
2,5,26:fe:86:c5:e5:7c,1a:6a:c1:0c:5a:d8,2001::4a2:17d3,2001::a00:e#####307334121,14732,352354311,53,6,0,20,20,20,20,0,0,0,0,0,0-------->> 1
2,5,26:fe:86:c5:e5:7c,1a:6a:c1:0c:5a:d8,2001::5c7:6b2a,2001::a00:e#####316945813,61410,352354311,53,6,0,20,20,20,20,0,0,0,0,0,0-------->> 1
2,5,26:fe:86:c5:e5:7c,1a:6a:c1:0c:5a:d8,2001::4ff:71cb,2001::a00:e#####310393061,25849,352354311,53,6,0,20,20,20,20,0,0,0,0,0,0-------->> 1
2,5,26:fe:86:c5:e5:7c,1a:6a:c1:0c:5a:d8,2001::4fa:1783,2001::a00:e#####310217665,65156,352354311,53,6,0,20,20,20,20,0,0,0,0,0,0-------->> 1
2,5,26:fe:86:c5:e5:7c,1a:6a:c1:0c:5a:d8,2001::5d1:ccae,2001::a00:e#####317285975,17744,352354311,53,6,0,20,20,20,20,0,0,0,0,0,0-------->> 1
2,5,26:fe:86:c5:e5:7c,1a:6a:c1:0c:5a:d8,2001::52c:9081,2001::a00:e#####311871552,36339,352354311,53,6,0,20,20,20,20,0,0,0,0,0,0-------->> 1
2,5,26:fe:86:c5:e5:7c,1a:6a:c1:0c:5a:d8,2001::53f:5da3,2001::a00:e#####312487633,11284,352354311,53,6,0,20,20,20,20,0,0,0,0,0,0-------->> 1
2,5,26:fe:86:c5:e5:7c,1a:6a:c1:0c:5a:d8,2001::589:9ef7,2001::a00:e#####314920827,11356,352354311,53,6,0,20,20,20,20,0,0,0,0,0,0-------->> 1
2,5,26:fe:86:c5:e5:7c,1a:6a:c1:0c:5a:d8,2001::4af:aa4f,2001::a00:e#####307778855,35330,352354311,53,6,0,20,20,20,20,0,0,0,0,0,0-------->> 1
2,5,26:fe:86:c5:e5:7c,1a:6a:c1:0c:5a:d8,2001::52b:91a0,2001::a00:e#####311838928,35364,352354311,53,6,0,20,20,20,20,0,0,0,0,0,0-------->> 1
2,5,26:fe:86:c5:e5:7c,1a:6a:c1:0c:5a:d8,2001::561:a2c2,2001::a00:e#####313610593,13373,352354311,53,6,0,20,20,20,20,0,0,0,0,0,0-------->> 1
2,5,26:fe:86:c5:e5:7c,1a:6a:c1:0c:5a:d8,2001::50e:80cd,2001::a00:e#####310886502,13419,352354311,53,6,0,20,20,20,20,0,0,0,0,0,0-------->> 1
2,5,26:fe:86:c5:e5:7c,1a:6a:c1:0c:5a:d8,2001::563:f67,2001::a00:e#####313657267,13428,352354311,53,6,0,20,20,20,20,0,0,0,0,0,0-------->> 1
2,5,26:fe:86:c5:e5:7c,1a:6a:c1:0c:5a:d8,2001::4a4:cc5f,2001::a00:e#####307422767,6251,352354311,53,6,0,20,20,20,20,0,0,0,0,0,0-------->> 1
2,5,26:fe:86:c5:e5:7c,1a:6a:c1:0c:5a:d8,2001::4da:3a76,2001::a00:e#####309173563,49861,352354311,53,6,0,20,20,20,20,0,0,0,0,0,0-------->> 1
2,5,26:fe:86:c5:e5:7c,1a:6a:c1:0c:5a:d8,2001::58b:c661,2001::a00:e#####314991408,49890,352354311,53,6,0,20,20,20,20,0,0,0,0,0,0-------->> 1
2,5,26:fe:86:c5:e5:7c,1a:6a:c1:0c:5a:d8,2001::5e7:fe2b,2001::a00:e#####318013205,49915,352354311,53,6,0,20,20,20,20,0,0,0,0,0,0-------->> 1
2,5,26:fe:86:c5:e5:7c,1a:6a:c1:0c:5a:d8,2001::549:7b35,2001::a00:e#####312819098,61811,352354311,53,6,0,20,20,20,20,0,0,0,0,0,0-------->> 1
2,5,26:fe:86:c5:e5:7c,1a:6a:c1:0c:5a:d8,2001::5df:5ec0,2001::a00:e#####317730656,61841,352354311,53,6,0,20,20,20,20,0,0,0,0,0,0-------->> 1
2,5,26:fe:86:c5:e5:7c,1a:6a:c1:0c:5a:d8,2001::5de:3e67,2001::a00:e#####317693747,61854,352354311,53,6,0,20,20,20,20,0,0,0,0,0,0-------->> 1
2,5,26:fe:86:c5:e5:7c,1a:6a:c1:0c:5a:d8,2001::4a8:b9ae,2001::a00:e#####307551447,33824,352354311,53,6,0,20,20,20,20,0,0,0,0,0,0-------->> 1
2,5,26:fe:86:c5:e5:7c,1a:6a:c1:0c:5a:d8,2001::4fa:c26e,2001::a00:e#####310239543,33908,352354311,53,6,0,20,20,20,20,0,0,0,0,0,0-------->> 1
2,5,26:fe:86:c5:e5:7c,1a:6a:c1:0c:5a:d8,2001::528:87d0,2001::a00:e#####311739368,36575,352354311,53,6,0,20,20,20,20,0,0,0,0,0,0-------->> 1
2,5,26:fe:86:c5:e5:7c,1a:6a:c1:0c:5a:d8,2001::50e:5632,2001::a00:e#####310881049,36585,352354311,53,6,0,20,20,20,20,0,0,0,0,0,0-------->> 1
2,5,26:fe:86:c5:e5:7c,1a:6a:c1:0c:5a:d8,2001::57b:1aec,2001::a00:e#####314445174,36597,352354311,53,6,0,20,20,20,20,0,0,0,0,0,0-------->> 1
2,5,26:fe:86:c5:e5:7c,1a:6a:c1:0c:5a:d8,2001::55f:17a0,2001::a00:e#####313527248,38577,352354311,53,6,0,20,20,20,20,0,0,0,0,0,0-------->> 1
2,5,26:fe:86:c5:e5:7c,1a:6a:c1:0c:5a:d8,2001::575:1419,2001::a00:e#####314247692,34287,352354311,53,6,0,20,20,20,20,0,0,0,0,0,0-------->> 1
2,5,26:fe:86:c5:e5:7c,1a:6a:c1:0c:5a:d8,2001::51e:571f,2001::a00:e#####311405455,1180,352354311,53,6,0,20,20,20,20,0,0,0,0,0,0-------->> 1
2,5,26:fe:86:c5:e5:7c,1a:6a:c1:0c:5a:d8,2001::549:3471,2001::a00:e#####312810040,52229,352354311,53,6,0,20,20,20,20,0,0,0,0,0,0-------->> 1
2,5,26:fe:86:c5:e5:7c,1a:6a:c1:0c:5a:d8,2001::4eb:cc8,2001::a00:e#####309724772,52274,352354311,53,6,0,20,20,20,20,0,0,0,0,0,0-------->> 1
2,5,26:fe:86:c5:e5:7c,1a:6a:c1:0c:5a:d8,2001::5fc:46a9,2001::a00:e#####318677844,19599,352354311,53,6,0,20,20,20,20,0,0,0,0,0,0-------->> 1
2,5,26:fe:86:c5:e5:7c,1a:6a:c1:0c:5a:d8,2001::541:7c93,2001::a00:e#####312557129,24280,352354311,53,6,0,20,20,20,20,0,0,0,0,0,0-------->> 1
2,5,26:fe:86:c5:e5:7c,1a:6a:c1:0c:5a:d8,2001::5f7:e488,2001::a00:e#####318534212,24321,352354311,53,6,0,20,20,20,20,0,0,0,0,0,0-------->> 1
2,5,26:fe:86:c5:e5:7c,1a:6a:c1:0c:5a:d8,2001::4c8:fdff,2001::a00:e#####308608767,12170,352354311,53,6,0,20,20,20,20,0,0,0,0,0,0-------->> 1
2,5,26:fe:86:c5:e5:7c,1a:6a:c1:0c:5a:d8,2001::4d3:d6a0,2001::a00:e#####308964176,12230,352354311,53,6,0,20,20,20,20,0,0,0,0,0,0-------->> 1
2,5,26:fe:86:c5:e5:7c,1a:6a:c1:0c:5a:d8,2001::4ed:c036,2001::a00:e#####309813275,12247,352354311,53,6,0,20,20,20,20,0,0,0,0,0,0-------->> 1
2,5,26:fe:86:c5:e5:7c,1a:6a:c1:0c:5a:d8,2001::591:d109,2001::a00:e#####315189380,64817,352354311,53,6,0,20,20,20,20,0,0,0,0,0,0-------->> 1
2,5,26:fe:86:c5:e5:7c,1a:6a:c1:0c:5a:d8,2001::4ed:5fdd,2001::a00:e#####309800942,35701,352354311,53,6,0,20,20,20,20,0,0,0,0,0,0-------->> 1
