3,6,26:fe:86:c5:e5:7c,1a:6a:c1:0c:5a:d8,2001::52c:c0f9,2001::a00:1#####311877756,64032,352354304,53,6,0,20,20,20,20,0,0,0,0,0,0-------->> 1
3,6,26:fe:86:c5:e5:7c,1a:6a:c1:0c:5a:d8,2001::58b:a26e,2001::a00:1#####314986807,64058,352354304,53,6,0,20,20,20,20,0,0,0,0,0,0-------->> 1
3,6,26:fe:86:c5:e5:7c,1a:6a:c1:0c:5a:d8,2001::588:a91e,2001::a00:1#####314889359,57661,352354304,53,6,0,20,20,20,20,0,0,0,0,0,0-------->> 1
3,6,26:fe:86:c5:e5:7c,1a:6a:c1:0c:5a:d8,2001::49e:9d3,2001::a00:1#####307201257,57711,352354304,53,6,0,20,20,20,20,0,0,0,0,0,0-------->> 1
3,6,26:fe:86:c5:e5:7c,1a:6a:c1:0c:5a:d8,2001::57c:270c,2001::a00:1#####314479494,2783,352354304,53,6,0,20,20,20,20,0,0,0,0,0,0-------->> 1
3,6,26:fe:86:c5:e5:7c,1a:6a:c1:0c:5a:d8,2001::5fe:57ed,2001::a00:1#####318745590,25310,352354304,53,6,0,20,20,20,20,0,0,0,0,0,0-------->> 1
3,6,26:fe:86:c5:e5:7c,1a:6a:c1:0c:5a:d8,2001::51a:5fde,2001::a00:1#####311275503,7173,352354304,53,6,0,20,20,20,20,0,0,0,0,0,0-------->> 1
3,6,26:fe:86:c5:e5:7c,1a:6a:c1:0c:5a:d8,2001::5ce:c519,2001::a00:1#####317186700,7206,352354304,53,6,0,20,20,20,20,0,0,0,0,0,0-------->> 1
3,6,26:fe:86:c5:e5:7c,1a:6a:c1:0c:5a:d8,2001::5de:7ad0,2001::a00:1#####317701480,134,352354304,53,6,0,20,20,20,20,0,0,0,0,0,0-------->> 1
3,6,26:fe:86:c5:e5:7c,1a:6a:c1:0c:5a:d8,2001::568:f0ce,2001::a00:1#####313849959,184,352354304,53,6,0,20,20,20,20,0,0,0,0,0,0-------->> 1
3,6,26:fe:86:c5:e5:7c,1a:6a:c1:0c:5a:d8,2001::571:d43a,2001::a00:1#####314141213,14750,352354304,53,6,0,20,20,20,20,0,0,0,0,0,0-------->> 1
3,6,26:fe:86:c5:e5:7c,1a:6a:c1:0c:5a:d8,2001::589:1b76,2001::a00:1#####314903995,14796,352354304,53,6,0,20,20,20,20,0,0,0,0,0,0-------->> 1
3,6,26:fe:86:c5:e5:7c,1a:6a:c1:0c:5a:d8,2001::4ec:4f2c,2001::a00:1#####309766038,14669,352354304,53,6,0,20,20,20,20,0,0,0,0,0,0-------->> 1
3,6,26:fe:86:c5:e5:7c,1a:6a:c1:0c:5a:d8,2001::4a2:17d3,2001::a00:1#####307334121,14732,352354304,53,6,0,20,20,20,20,0,0,0,0,0,0-------->> 1
3,6,26:fe:86:c5:e5:7c,1a:6a:c1:0c:5a:d8,2001::57f:db2d,2001::a00:1#####314600854,40194,352354304,53,6,0,20,20,20,20,0,0,0,0,0,0-------->> 1
3,6,26:fe:86:c5:e5:7c,1a:6a:c1:0c:5a:d8,2001::568:cd88,2001::a00:1#####313845444,40260,352354304,53,6,0,20,20,20,20,0,0,0,0,0,0-------->> 1
3,6,26:fe:86:c5:e5:7c,1a:6a:c1:0c:5a:d8,2001::5db:fac0,2001::a00:1#####317619552,55253,352354304,53,6,0,20,20,20,20,0,0,0,0,0,0-------->> 1
3,6,26:fe:86:c5:e5:7c,1a:6a:c1:0c:5a:d8,2001::5ec:83d0,2001::a00:1#####318161384,27385,352354304,53,6,0,20,20,20,20,0,0,0,0,0,0-------->> 1
3,6,26:fe:86:c5:e5:7c,1a:6a:c1:0c:5a:d8,2001::527:ba1b,2001::a00:1#####311713037,51121,352354304,53,6,0,20,20,20,20,0,0,0,0,0,0-------->> 1
3,6,26:fe:86:c5:e5:7c,1a:6a:c1:0c:5a:d8,2001::55f:cd2a,2001::a00:1#####313550485,51135,352354304,53,6,0,20,20,20,20,0,0,0,0,0,0-------->> 1
3,6,26:fe:86:c5:e5:7c,1a:6a:c1:0c:5a:d8,2001::4e7:84f6,2001::a00:1#####309609083,51147,352354304,53,6,0,20,20,20,20,0,0,0,0,0,0-------->> 1
3,6,26:fe:86:c5:e5:7c,1a:6a:c1:0c:5a:d8,2001::5a8:57f0,2001::a00:1#####315927544,51163,352354304,53,6,0,20,20,20,20,0,0,0,0,0,0-------->> 1
3,6,26:fe:86:c5:e5:7c,1a:6a:c1:0c:5a:d8,2001::57a:5d6,2001::a00:1#####314409707,51189,352354304,53,6,0,20,20,20,20,0,0,0,0,0,0-------->> 1
3,6,26:fe:86:c5:e5:7c,1a:6a:c1:0c:5a:d8,2001::532:670f,2001::a00:1#####312062855,40198,352354304,53,6,0,20,20,20,20,0,0,0,0,0,0-------->> 1
3,6,26:fe:86:c5:e5:7c,1a:6a:c1:0c:5a:d8,2001::534:f49e,2001::a00:1#####312146511,23078,352354304,53,6,0,20,20,20,20,0,0,0,0,0,0-------->> 1
3,6,26:fe:86:c5:e5:7c,1a:6a:c1:0c:5a:d8,2001::553:695d,2001::a00:1#####313144494,23117,352354304,53,6,0,20,20,20,20,0,0,0,0,0,0-------->> 1
3,6,26:fe:86:c5:e5:7c,1a:6a:c1:0c:5a:d8,2001::569:c257,2001::a00:1#####313876779,35329,352354304,53,6,0,20,20,20,20,0,0,0,0,0,0-------->> 1
3,6,26:fe:86:c5:e5:7c,1a:6a:c1:0c:5a:d8,2001::5d4:83d6,2001::a00:1#####317374955,22364,352354304,53,6,0,20,20,20,20,0,0,0,0,0,0-------->> 1
3,6,26:fe:86:c5:e5:7c,1a:6a:c1:0c:5a:d8,2001::57a:d9cd,2001::a00:1#####314436838,22423,352354304,53,6,0,20,20,20,20,0,0,0,0,0,0-------->> 1
3,6,26:fe:86:c5:e5:7c,1a:6a:c1:0c:5a:d8,2001::57a:346e,2001::a00:1#####314415671,22448,352354304,53,6,0,20,20,20,20,0,0,0,0,0,0-------->> 1
3,6,26:fe:86:c5:e5:7c,1a:6a:c1:0c:5a:d8,2001::521:a002,2001::a00:1#####311513089,8203,352354304,53,6,0,20,20,20,20,0,0,0,0,0,0-------->> 1
